------------------RELATORIO DAS EXPERIENCIAS------------
  W0          W1          W2          ETA     N DE EPOCAS
----------------------------------------------------------
-0.250       0.231       0.107       0.100       8.000 
-0.450       0.431       0.207       0.200       7.000 
-0.850       0.831       0.307       0.300       7.000 
-0.650       0.631       0.207       0.400       3.000 
-1.550       1.231       0.607       0.500       7.000 
-1.450       1.431       0.607       0.600       5.000 
-1.850       1.631       0.607       0.700       5.000 
-1.450       1.031       0.607       0.800       3.000 
-2.650       2.031       1.507       0.900       6.000 
-3.050       2.231       1.607       1.000       7.000 
-3.450       2.431       1.707       1.100       7.000 
-2.650       2.631       0.607       1.200       5.000 
-2.950       2.831       0.607       1.300       5.000 
-3.250       3.031       0.607       1.400       5.000 
-3.550       3.231       0.607       1.500       5.000 
-0.650       0.231       0.607       1.600*       1.000* 
-0.750       0.231       0.607       1.700*       1.000* 
-4.450       3.831       2.407       1.800       5.000 
-4.750       4.031       2.507       1.900       5.000 
-5.050       4.231       2.607       2.000       5.000 
----------------------------------------------------------
------------------OUTROS VALORES DE W---------------------
  W0          W1          W2          ETA     N DE EPOCAS
----------------------------------------------------------
-0.514       0.491       0.362       0.100       4.000 
-0.514       0.491       0.362       0.200       2.000 
-0.714       0.591       0.162       0.300       2.000 
-0.714       0.491       0.362       0.400*       1.000* 
-1.014       0.891       0.262       0.500       2.000 
-1.914       1.491       0.762       0.600       5.000 
-0.914       0.891       0.062       0.700*       1.000* 
-1.914       1.691       0.762       0.800       4.000 
-2.214       1.791       0.762       0.900       4.000 
-2.514       1.891       0.762       1.000       4.000 
-3.914       3.091       1.862       1.100       7.000 
-4.314       3.291       1.962       1.200       7.000 
-3.414       2.191       2.062       1.300       5.000 
-0.914       0.891       0.762       1.400*       1.000* 
-1.014       0.891       0.762       1.500*       1.000* 
-1.114       0.891       0.762       1.600*       1.000* 
-1.214       0.891       0.762       1.700*       1.000* 
-1.314       0.891       0.762       1.800*       1.000* 
-1.414       0.891       0.762       1.900*       1.000* 
-1.514       0.891       0.762       2.000*       1.000* 
----------------------------------------------------------
------------------OUTROS VALORES DE W---------------------
  W0          W1          W2          ETA     N DE EPOCAS
----------------------------------------------------------
-0.344       0.119       0.321       0.100       7.000 
-0.544       0.419       0.221       0.200       6.000 
-0.444       0.319       0.221       0.300       3.000 
-1.144       0.819       0.421       0.400       6.000 
-0.544       0.519       0.321       0.500       2.000 
-0.744       0.619       0.221       0.600       2.000 
-1.644       1.419       0.821       0.700       5.000 
-1.944       1.619       0.821       0.800       5.000 
-2.244       1.819       0.821       0.900       5.000 
-2.544       2.019       0.821       1.000       5.000 
-2.844       2.219       0.821       1.100       5.000 
-3.144       2.419       0.821       1.200       5.000 
-3.444       2.619       2.121       1.300       5.000 
-3.744       2.819       2.221       1.400       5.000 
-4.044       3.019       2.321       1.500       5.000 
-4.344       3.219       2.421       1.600       5.000 
-4.644       3.419       2.521       1.700       5.000 
-4.944       3.619       2.621       1.800       5.000 
-5.244       3.819       2.721       1.900       5.000 
-5.544       4.019       2.821       2.000       5.000 
----------------------------------------------------------
------------------OUTROS VALORES DE W---------------------
  W0          W1          W2          ETA     N DE EPOCAS
----------------------------------------------------------
-0.455       0.315       0.392       0.100       4.000 
-0.555       0.215       0.392       0.200       2.000 
-0.755       0.615       0.192       0.300       3.000 
-0.755       0.615       0.392       0.400       2.000 
-1.555       1.115       0.792       0.500       5.000 
-0.755       0.615       0.192       0.600*       1.000* 
-1.655       1.315       0.792       0.700       4.000 
-1.955       1.415       0.792       0.800       4.000 
-2.255       1.515       0.792       0.900       4.000 
-3.555       2.615       1.792       1.000       7.000 
-2.855       2.815       0.792       1.100       5.000 
-3.155       3.015       0.792       1.200       5.000 
-0.855       0.615       0.792       1.300*       1.000* 
-0.955       0.615       0.792       1.400*       1.000* 
-1.055       0.615       0.792       1.500*       1.000* 
-1.155       0.615       0.792       1.600*       1.000* 
-1.255       0.615       0.792       1.700*       1.000* 
-1.355       0.615       0.792       1.800*       1.000* 
-5.255       4.415       2.692       1.900       5.000 
-5.555       4.615       2.792       2.000       5.000 
----------------------------------------------------------
------------------OUTROS VALORES DE W---------------------
  W0          W1          W2          ETA     N DE EPOCAS
----------------------------------------------------------
-0.278       0.238       0.076       0.100       7.000 
-0.478       0.338       0.176       0.200       6.000 
-0.578       0.438       0.176       0.300       4.000 
-1.078       0.738       0.576       0.400       5.000 
-1.578       1.238       0.676       0.500       7.000 
-0.878       0.738       0.176       0.600       3.000 
-1.878       1.438       0.876       0.700       6.000 
-2.278       1.538       0.976       0.800       6.000 
-1.778       1.638       0.176       0.900       3.000 
-3.078       2.738       1.176       1.000       7.000 
-2.378       1.838       1.276       1.100       5.000 
-2.678       1.938       1.376       1.200       5.000 
-2.978       2.038       1.476       1.300       5.000 
-3.278       2.138       1.576       1.400       5.000 
-3.578       2.238       1.676       1.500       5.000 
-3.878       2.338       1.776       1.600       5.000 
-0.778       0.738       0.176       1.700*       1.000* 
-0.878       0.738       0.176       1.800*       1.000* 
-4.778       4.538       2.076       1.900       5.000 
-5.078       4.738       2.176       2.000       5.000 
----------------------------------------------------------
------------------OUTROS VALORES DE W---------------------
  W0          W1          W2          ETA     N DE EPOCAS
----------------------------------------------------------
-0.594       0.535       0.517       0.100       4.000 
-0.594       0.535       0.517       0.200       2.000 
-0.794       0.635       0.317       0.300       2.000 
-0.794       0.535       0.517       0.400*       1.000* 
-1.094       0.935       0.417       0.500       2.000 
-1.994       1.535       0.917       0.600       5.000 
-0.994       0.935       0.217       0.700*       1.000* 
-1.994       1.735       0.917       0.800       4.000 
-2.294       1.835       0.917       0.900       4.000 
-2.594       1.935       0.917       1.000       4.000 
-2.894       2.035       0.917       1.100       4.000 
-4.394       3.335       2.117       1.200       7.000 
-4.794       3.535       2.217       1.300       7.000 
-0.994       0.935       0.917       1.400*       1.000* 
-1.094       0.935       0.917       1.500*       1.000* 
-1.194       0.935       0.917       1.600*       1.000* 
-1.294       0.935       0.917       1.700*       1.000* 
-1.394       0.935       0.917       1.800*       1.000* 
-1.494       0.935       0.917       1.900*       1.000* 
-1.594       0.935       0.917       2.000*       1.000* 
----------------------------------------------------------
------------------OUTROS VALORES DE W---------------------
  W0          W1          W2          ETA     N DE EPOCAS
----------------------------------------------------------
-0.490       0.294       0.258       0.100       9.000 
-0.590       0.494       0.258       0.200       6.000 
-0.790       0.594       0.358       0.300       5.000 
-1.190       0.894       0.458       0.400       5.000 
-1.090       0.894       0.558       0.500       4.000 
-1.390       0.894       0.658       0.600       4.000 
-1.690       1.594       0.758       0.700       5.000 
-1.990       1.694       0.858       0.800       5.000 
-2.290       1.794       0.958       0.900       5.000 
-2.590       1.894       1.058       1.000       5.000 
-2.890       1.994       1.158       1.100       5.000 
-3.190       2.094       1.258       1.200       5.000 
-3.490       2.194       1.358       1.300       5.000 
-3.790       3.694       1.458       1.400       5.000 
-4.090       3.894       1.558       1.500       5.000 
-4.390       4.094       1.658       1.600       5.000 
-4.690       4.294       1.758       1.700       5.000 
-4.990       4.494       1.858       1.800       5.000 
-5.290       4.694       1.958       1.900       5.000 
-5.590       4.894       2.058       2.000       5.000 
----------------------------------------------------------
------------------OUTROS VALORES DE W---------------------
  W0          W1          W2          ETA     N DE EPOCAS
----------------------------------------------------------
-0.447       0.313       0.210       0.100       8.000 
-0.447       0.413       0.210       0.200       4.000 
-0.847       0.813       0.310       0.300       5.000 
-0.847       0.813       0.410       0.400       4.000 
-1.147       0.813       0.510       0.500       4.000 
-1.447       1.413       0.610       0.600       5.000 
-1.747       1.513       0.710       0.700       5.000 
-2.047       1.613       0.810       0.800       5.000 
-2.347       1.713       0.910       0.900       5.000 
-2.647       1.813       1.010       1.000       5.000 
-2.947       1.913       1.110       1.100       5.000 
-3.247       3.213       1.210       1.200       5.000 
-3.547       3.413       1.310       1.300       5.000 
-3.847       3.613       1.410       1.400       5.000 
-4.147       3.813       1.510       1.500       5.000 
-4.447       4.013       1.610       1.600       5.000 
-4.747       4.213       1.710       1.700       5.000 
-5.047       4.413       1.810       1.800       5.000 
-5.347       4.613       1.910       1.900       5.000 
-5.647       4.813       2.010       2.000       5.000 
----------------------------------------------------------
------------------OUTROS VALORES DE W---------------------
  W0          W1          W2          ETA     N DE EPOCAS
----------------------------------------------------------
-0.161       0.103       0.099       0.100*       1.000* 
-0.461       0.403       0.199       0.200       4.000 
-1.061       0.803       0.499       0.300       7.000 
-0.261       0.203       0.199       0.400*       1.000* 
-0.361       0.203       0.199       0.500*       1.000* 
-1.661       1.403       0.799       0.600       5.000 
-1.961       1.603       0.899       0.700       5.000 
-2.261       1.803       0.999       0.800       5.000 
-2.561       2.003       1.099       0.900       5.000 
-2.861       2.203       1.199       1.000       5.000 
-3.161       2.403       1.299       1.100       5.000 
-3.461       2.603       1.399       1.200       5.000 
-3.761       2.803       1.499       1.300       5.000 
-4.061       3.003       1.599       1.400       5.000 
-4.361       3.203       1.699       1.500       5.000 
-4.661       3.403       1.799       1.600       5.000 
-4.961       3.603       1.899       1.700       5.000 
-5.261       3.803       1.999       1.800       5.000 
-5.561       4.003       2.099       1.900       5.000 
-5.861       4.203       2.199       2.000       5.000 
----------------------------------------------------------
------------------OUTROS VALORES DE W---------------------
  W0          W1          W2          ETA     N DE EPOCAS
----------------------------------------------------------
-0.296       0.272       0.099       0.100       7.000 
-0.596       0.472       0.199       0.200       6.000 
-0.296       0.272       0.199       0.300       2.000 
-1.396       1.072       0.599       0.400       8.000 
-0.896       0.772       0.199       0.500       3.000 
-1.796       1.472       0.799       0.600       6.000 
-2.196       1.672       0.899       0.700       7.000 
-2.596       1.872       0.999       0.800       7.000 
-0.296       0.272       0.199       0.900*       1.000* 
-0.396       0.272       0.199       1.000*       1.000* 
-2.696       2.472       1.299       1.100       5.000 
-2.996       2.672       1.399       1.200       5.000 
-3.296       2.872       1.499       1.300       5.000 
-3.596       3.072       1.599       1.400       5.000 
-3.896       3.272       1.699       1.500       5.000 
-4.196       3.472       1.799       1.600       5.000 
-4.496       3.672       1.899       1.700       5.000 
-4.796       3.872       1.999       1.800       5.000 
-5.096       4.072       2.099       1.900       5.000 
-5.396       4.272       2.199       2.000       5.000 
----------------------------------------------------------
------------------OUTROS VALORES DE W---------------------
  W0          W1          W2          ETA     N DE EPOCAS
----------------------------------------------------------
